% xy = 1.0e+03 * [ 0.8640    0.9292    0.7876    0.8640    0.7808    0.9179    0.9202    0.7808
%                  1.1314    1.1381    1.1359    1.0258    1.0190    1.0190    0.9134    0.9112];
%              
% XYZ = [0     0    27     0    27     0     0    27
%        0    27     0     0     0    27    27     0
%        0     0     0    27    27    27    54    54];
%    
% xy(3, :) = 1;
% XYZ(4, :) = 1;

xy = 1.0e+03 * [  0.6949    0.7011    0.6357    0.6294    0.7698    0.7760
    1.3110    1.2174    1.2143    1.3141    1.3297    1.2268
    0.0010    0.0010    0.0010    0.0010    0.0010    0.0010];
             
 XYZ = [0     0    27    27     0     0
     0     0     0     0    27    27
     0    27    27     0     0    27
     1     1     1     1     1     1];
    